midPtTop:(59.2249698639,44.1259737015,43.3621101379);
annulusRadius:14.5693325996