midPtTop:(85.2234649658,83.1565437317,118.745834351);
annulusRadius:21.2994747162;
