midPtTop:(82.0641822815,83.8615455627,119.616348267);
annulusRadius:15.7251167297