midPtTop:(85.20129776,83.1203117371,118.722335815);
annulusRadius:21.3200111389;
